21
59
30
1
57
69
69
57
55
49
52
20
34
78
32
47
57
67
64
70
42
38
54
80
90
69
64
43
48
45
3
56
47
54
52
37
67
36
55
18
5
48
23
5
10 мес
44
45
17
62
45
71
28
54
7
52
58
53
61
58
56
59
31
34
34
9
52
60
66
10
9
10 мес
66
50
20
62
54
44
65
43
54
45
58
28
63
3
48
30
23
68
67
21
73
58
82
63
67
74
46
40
41
33
68
51
10
60
46
51
53
69
17
18
44
31
54
57
71
58
39
68
59
38
51
23
47
59
56
68
37
57
30
53
67
68
63
57
53
68
66
50
22
0
36
30
42
64
68
49
71
70
49
62
61
31
57
25
50
56
54
64
49
81
13
15
49
32
19
63
64
35
37
25
25
32
53
11
61
34
58
53
57
37
10
14
75
54
3
29
58
62
57
57
84
62
60
0
37
27
55
71
46
14
60
60
81
40
51
56
68
70
51
54
68
61
61
2
40
18
48
69
72
8
66
72
52
57
36
46
44
57
59
30
55
73
49
71
26
36
27
2 мес
50
39
6
57
56
31
62
43
37
39
38
16
61
40
51
44
85
63
80
66
78
58
47
58
27
35
31
48
62
52
71
46
39
41
64
58
58
41
70
17
62
66
59
71
69
69
57
46
30
71
58
72
47
62
44
61
69
69
52
60
24
62
90
66
38
77
30
31
45
59
63
69
69
44
44
38
70
56
52
36
66
41
18
48
49
60
56
40
38
46
56
64
64
54
33
57
17
61
48
83
9
64
53
24
46
46
22
43
54
62
52
68
19
41
41
64
62
80
33
53
26
49
44
78
43
42
44
60
84
46
59
86
77
0
12
44
70
61
44
49
60
78
60
39
35
49
57
45
85
68
45
24
39
43
48
54
74
23
80
15
39
50
41
53
12
10
65
45
31
36
55
39
68
46
72
49
42
65
43
73
47
45
65
53
59
83
68
60
68
37
68
49
77
61
33
9
13
44
41
56
34
32
35
52
60
67
68
73
67
53
35
60
34
64
26
32
46
42
66
55
73
80
58
81
50
54
6
1
4
33
53
17
54
2
16
64
63
60
70
45
10
15
56
62
53
73
81
68
67
63
34
42
45
50
48
31
34
76
83
36
59
33
48
23
20
19
15
16
22
66
15
18
40
60
61
62
44
4
54
57
59
80
81
5
49
24
39
63
23
65
68
10
16
18
55
14
38
62
6
8
53
50
40
53
54
48
58
43
8
60
61
53
68
33
45
61
42
1
71
23
61
51
63
61
66
67
69
44
66
70
20
36
71
52
60
79
33
27
21
79
49
68
65
37
81
56
48
74
18
20
42
44
81
70
50
40
73
90
56
58
58
38
34
39
15
12
5
32
63
41
23
39
22
84
68
68
14
9
37
14
9
37
23
35
55
60
55
36
45
19
66
20
36
47
62
44
40
61
51
28
64
6
24
37
51
82
37
51
35
53
16
70
26
37
63
70
72
18
35
24
51
52
51
13
22
81
55
42
58
29
58
57
40
51
25
65
23
31
36
22
42
33
63
48
66
67
44
37
60
35
54
4
52
57
88
55
32
47
74
37
54
48
44
86
28
62
49
60
58
76
58
37
34
66
60
56
79
43
53
65
71
26
32
38
54
50
20
44
32
42
59
41
18
40
58
49
61
91
44
4
52
63
36
40
43
60
88
41
62
56
61
31
74
64
32
54
30
48
53
60
59
66
68
59
63
69
62
62
20
47
68
68
56
52
68
65
61
58
60
61
47
56
74
57
49
79
61
44
41
57
32
71
67
46
16
37
39
70
51
61
61
85
47
30
64
70
20
46
40
71
6
15
53
68
42
20
9
70
37
36
56
65
80
44
0
27
44
13
65
62
78
42
5
50
77
43
12
55
61
28
55
14
7
44
3
62
24
30
54
72
33
26
56
68
67
40
57
12
40
73
51
56
6
69
22
68
84
20
56
47
59
64
54
60
37
47
44
4
32
22
35
58
50
37
46
34
55
62
42
59
61
40
38
17
3
48
65
35
72
18
59
29
69
16
56
33
51
66
42
48
53
34
14
61
35
57
68
42
60
38
22
19
40
82
29
80
52
83
57
42
44
32
44
25
57
43
43
70
21
58
80
47
26
42
58
37
9
14
51
43
39
13
43
63
23
58
80
47
26
42
58
37
9
14
51
43
39
13
43
62
64
64
61
88
68
5
52
59
61
57
61
66
71
53
37
31
34
58
66
63
63
58
8
12
35
33
уточняется
37
49
42
19
64
30
23
20
39
61
75
36
44
52
69
82
36
48
34
48
64
19
68
43
39
73
60
52
21
80
24
44
54
51
64
8
2
7
18
49
40
4
21
11
31
52
42
43
33
38
43
42
38
49
29
22
45
33
39
23
23
18
69
12
44
43
61
40
52
55
56
38
37
32
69
64
51
38
26
11
29
44
47
22
30
11
12
2
20
27
68
41
18
51
25
53
38
20
30
21
19
32
36
20
19
54
26
25
29
53
21
21
45
22
35
48
35
39
11
52
21
18
43
20
61
57
54
68
43
67
70
71
36
34
1
9
78
47
37
61
25
31
50
33
59
42
65
28
44
17
41
49
58
31
15
60
46
35
23
32
29
10
18
73
66
37
38
53
55
67
71
81
44
18
57
22
81
67
21
69
36
57
22
47
55
60
94
60
76
57
27
37
35
46
28
64
32
22
24
34
57
0
14
40
26
28
0
58
48
81
27
20
50
41
44
34
26
57
29
55
55
28
25
34
40
47
56
66
68
30
66
39
43
42
53
61
35
24
32
41
12
69
39
22
50
22
59
51
64
31
46
24
27
32
66
80
3
35
58
51
24
36
1
35
0
8
34
50
38
61
64
39
5
15
34
13
17
16
13
8
67
23
59
35
56
25
43
83
35
54
43
84
43
65
22
65
23
66
37
39
39
49
25
53
46
31
33
37
45
38
34
37
51
34
19
33
23
47
30
30
60
68
52
42
41
59
40
10
23
5
47
11
1
68
12
8
25
25
47
12
35
14
3
50
57
79
9
49
53
30
36
29
55
62
64
45
58
56
48
37
48
46
39
36
45
62
54
33
25
69
61
61
37
23
43
71
32
52
62
54
35
25
65
47
40
34
34
45
30
4
4
13
1
31
65
49
80
18
43
56
44
30
32
41
61
41
54
49
13
46
45
34
33
45
31
24
37
46
35
59
58
24
39
51
74
51
67
16
42
35
64
26
55
51
67
87
61
67
33
33
68
31
61
59
39
57
79
82
75
56
22
56
42
22
38
41
42
60
56
3
8
34
53
60
23
87
63
67
33
28
50
30
59
32
40
70
53
58
49
50
46
53
72
51
69
53
52
33
46
25
27
36
23
69
37
58
43
0
64
58
74
91
67
75
57
44
46
49
41
2
16
48
32
22
5
25
13
25
29
44
43
63
46
42
27
38
35
37
32
66
26
21
43
83
37
48
57
67
69
17
11
12
18
7
12
67
34
47
31
73
25
23
69
25
48
51
50
25
55
47
52
69
38
34
27
34
69
67
44
68
14
26
21
81
49
58
10
35
22
63
57
38
40
73
71
63
57
57
42
85
61
22
51
51
35
50
47
65
29
41
49
55
59
59
59
55
39
31
30
76
41
23
66
51
30
59
47
73
40
41
46
66
69
49
30
58
40
19
31
52
47
34
83
60
53
50
79
23
30
48
59
77
73
66
0
16
49
51
39
54
48
45
44
55
40
63
61
52
47
43
42
32
37
36
36
64
34
38
45
48
45
55
48
35
42
48
45
44
80
29
56
24
80
68
55
80
49
65
70
58
28
90
75
64
48
39
66
36
21
69
65
36
84
40
53
42
уточняется
47
29
44
49
11
18
22
19
39
12
47
72
33
48
13
46
48
68
64
86
27
39
51
27
41
41
25
65
56
28
57
42
65
68
65
54
32
63
38
34
70
71
38
35
46
21
55
55
73
61
21
39
37
54
34
45
51
54
44
70
43
67
48
73
47
61
43
57
75
58
53
54
53
27
73
36
73
68
72
51
69
69
44
61
56
84
37
9
29
71
66
62
46
85
33
43
44
56
17
31
47
51
41
31
28
8
65
37
17
65
27
31
11
62
55
84
46
38
43
28
31
41
4
31
39
40
60
55
34
31
35
64
31
38
40
33
34
39
68
3
42
25
9
3
38
24
80
7
13
67
68
55
60
65
43
36
71
47
82
52
37
45
23
65
14
83
60
58
42
67
61
49
72
66
44
60
43
64
48
32
22
72
58
68
48
40
56
47
40
59
63
34
71
55
51
55
37
80
33
69
62
75
33
64
53
82
55
47
55
69
65
22
55
83
71
68
46
53
33
37
57
53
65
57
50
36
25
55
80
81
32
36
59
55
40
65
47
4
82
63
49
34
31
52
65
61
73
45
33
39
54
57
56
37
54
52
32
54
56
64
63
54
67
10
61
0
29
55
39
36
44
21
60
68
52
50
37
65
79
78
45
67
56
65
68
70
65
27
58
59
47
61
38
60
37
42
48
60
62
69
56
36
34
48
23
38
16
13
59
69
36
35
49
0
1
4
50
56
17
56
34
45
43
83
56
73
61
28
47
14
57
40
63
52
48
12
19
60
6
54
32
58
16
15
52
30
59
69
55
32
22
54
59
30
60
64
28
69
44
19
35
69
63
60
36
65
62
40
77
39
42
38
79
18
68
56
60
47
58
56
53
39
44
58
40
37
61
58
45
41
47
73
59
48
26
49
78
61
65
56
62
20
72
76
80
54
28
32
23
36
35
32
1
27
61
35
57
25
19
21
28
39
29
4
54
8
40
37
81
70
74
47
55
48
57
72
83
1
45
42
36
35
4
72
47
9
28
35
30
26
20
34
37
29
55
63
59
74
25
31
62
30
37
36
62
56
56
34
27
56
49
28
35
50
1
27
1
64
30
59
48
уточняется
25
53
45
41
80
33
57
55
29
27
35
45
68
38
6
36
35
29
2
61
40
54
35
48
48
39
19
20
33
18
1
62
54
31
33
39
91
9
35
57
9
38
26
46
1
33
39
39
42
42
21
19
4
40
48
42
34
68
31
41
62
50
54
33
45
43
21
52
91
49
70
73
52
21
20
40
22
35
32
65
80
15
52
44
55
64
46
30
50
38
34
9
9
38
81
34
47
79
54
25
58
57
3
10
6
4
38
12
33
47
45
61
36
47
39
39
89
72
53
59
5
53
60
64
61
79
57
46
0
56
44
73
62
64
9
40
41
52
31
42
61
59
18
33
60
58
85
59
63
66
37
45
45
3
64
69
58
58
51
26
31
35
18
42
40
45
20
66
50
31
23
28
40
39
28
24
54
28
61
31
68
48
30
40
22
25
23
62
46
29
64
86
81
62
68
54
46
50
19
47
35
53
11
55
65
44
24
60
47
32
27
32
23
29
26
41
58
26
32
80
66
53
32
36
41
51
88
52
42
55
37
63
59
33
22
21
27
41
46
22
24
67
64
1
39
46
50
52
43
55
59
59
33
47
52
62
40
51
67
51
50
57
45
52
63
75
56
34
47
25
21
33
36
40
40
61
51
33
33
32
42
60
58
21
61
43
56
37
1
42
64
66
19
58
42
47
62
3
0
58
35
31
51
20
28
69
54
33
55
51
43
65
54
61
48
10
41
44
34
40
80
45
38
40
1
2
19
39
28
45
48
72
13
56
61
33
59
33
20
36
65
35
65
33
43
29
33
38
61
47
64
39
41
66
42
48
22
45
44
51
43
60
50
68
51
20
11
62
11
12
56
65
54
85
16
12
21
60
76
29
37
20
43
62
85
60
62
24
65
34
68
48
24
56
56
71
0
10
16
15
31
16
9
47
50
27
29
67
62
64
87
59
54
58
20
45
65
57
43
56
24
48
73
2
84
56
12
21
9
57
53
51
19
61
54
47
48
60
63
34
54
30
33
57
60
34
41
34
54
12
34
28
45
55
47
54
62
41
0
69
55
39
39
84
22
17
53
56
58
19
64
82
30
59
59
48
50
51
67
40
30
48
32
36
35
30
90
74
18
54
84
34
10
20
32
36
51
30
58
59
51
45
37
66
47
36
79
49
2
77
50
48
48
53
22
12
69
86
35
74
4
3
5
10
40
40
43
62
38
58
56
23
53
40
41
36
65
51
47
28
73
7
28
35
61
20
44
23
23
8
62
60
40
40
8
17
33
56
44
66
61
56
28
61
38
67
36
1
71
27
96
42
12
22
47
66
46
56
45
20
53
56
44
46
25
47
73
35
54
54
19
16
0
20
25
61
9
38
30
80
56
49
47
89
63
64
49
86
50
61
84
64
30
59
64
1
8
49
36
28
37
47
38
27
58
72
25
21
38
61
18
30
9
53
48
41
53
32
40
56
65
33
7
70
56
31
52
42
45
31
53
76
28
79
58
49
23
68
33
34
35
67
12
63
45
33
25
38
36
31
50
25
57
64
67
67
46
72
50
21
60
56
30
33
43
59
58
30
64
49
64
58
57
20
53
48
43
27
55
55
39
72
33
53
31
62
48
69
33
2
50
84
33
34
14
6
2
64
8
49
29
55
23
62
61
59
32
25
55
41
68
56
2
52
57
64
83
60
54
70
61
45
83
54
48
60
40
33
80
66
22
4
14
32
9
57
10
59
54
59
37
49
92
39
9
23
25
3
30
43
71
21
58
22
57
44
43
8
67
73
47
31
64
37
23
37
96
65
47
35
34
4
44
44
31
64
79
71
22
40
44
43
34
2
33
49
41
63
30
43
27
18
75
80
83
42
62
60
4
41
31
62
47
32
69
21
73
26
39
5
49
49
76
47
4
6
44
47
45
52
31
24
34
62
33
45
39
1
15
36
39
5
10
41
64
66
23
60
33
51
43
42
42
26
58
23
52
68
43
26
58
45
26
25
18
4
64
15
32
39
46
32
43
52
81
20
65
50
38
26
30
59
29
55
44
80
4
9
23
44
51
53
44
33
34
61
47
55
44
26
45
42
53
32
56
36
20
29
34
53
51
94
48
44
26
36
62
27
30
69
63
45
63
53
38
45
20
43
22
44
47
52
23
24
63
69
66
63
26
23
27
23
9
5
48
55
69
19
31
31
60
70
20
29
61
28
38
75
33
61
34
83
73
49
23
28
57
31
57
49
39
41
54
70
67
75
61
42
63
50
9
81
45
85
67
34
83
21
37
3
41
3
48
54
33
66
83
61
51
39
53
49
67
46
68
41
66
30
31
19
24
30
25
37
22
52
50
38
71
46
58
80
62
53
44
82
28
78
90
62
64
64
62
70
30
50
51
2
43
54
60
52
28
31
62
28
24
52
54
57
80
41
81
81
58
44
30
41
5
13
56
50
87
60
44
27
37
24
47
43
28
31
37
60
72
46
52
64
42
28
42
44
73
54
37
69
33
35
34
71
29
56
41
25
26
81
72
57
3
33
21
20
20
41
55
26
6
32
36
40
60
9
45
50
60
44
37
58
66
64
61
60
81
62
70
84
45
35
32
36
33
42
69
29
41
40
60
53
33
58
61
49
9
53
30
59
8
33
0
9
58
21
47
22
53
33
22
40
25
66
30
38
48
61
44
80
33
37
24
21
32
67
73
42
82
51
41
59
35
48
54
48
80
48
52
59
62
68
54
12
59
51
52
20
79
47
43
40
37
24
57
9
39
20
35
34
48
85
70
57
25
32
56
35
39
56
54
71
69
34
33
36
63
59
62
17
63
29
71
51
46
41
54
73
13
23
22
72
23
56
59
18
29
23
73
79
41
64
52
64
2
48
35
2
уточняется
38
29
81
59
73
26
49
65
44
53
42
10
2
51
54
6
52
54
50
44
31
46
37
24
51
47
33
49
52
61
47
77
41
